-1  2  1  1 -1 
 2 -1 -1 -1 -1 
 1 -1 -1  1  2 
 1 -1  1 -1  4 
-1 -1  2  4 -1 
the k is:  1
-1  2  1  1 -1 
 2 -1  3  3 -1 
 1  3 -1  1  2 
 1  3  1 -1  4 
-1 -1  2  4 -1 
the k is:  2
-1  2  1  1 -1 
 2 -1  3  3 -1 
 1  3 -1  1  2 
 1  3  1 -1  4 
-1 -1  2  4 -1 
the k is:  3
-1  2  1  1  3 
 2 -1  3  3  5 
 1  3 -1  1  2 
 1  3  1 -1  3 
 3  5  2  3 -1 
the k is:  4
-1  2  1  1  3 
 2 -1  3  3  5 
 1  3 -1  1  2 
 1  3  1 -1  3 
 3  5  2  3 -1 
the k is:  5
-1  2  1  1  3 
 2 -1  3  3  5 
 1  3 -1  1  2 
 1  3  1 -1  3 
 3  5  2  3 -1 
3
-1  3 
 3 -1 
the k is:  1
-1  3 
 3 -1 
the k is:  2
-1  3 
 3 -1 
3
-1  5  2 
 5 -1  5 
 2  5 -1 
the k is:  1
-1  5  2 
 5 -1  5 
 2  5 -1 
the k is:  2
-1  5  2 
 5 -1  5 
 2  5 -1 
the k is:  3
-1  5  2 
 5 -1  5 
 2  5 -1 
2
